2544125
7534548
8646384
8672865
7718339
3977866
8240569
7520997
4120627
3007522
1775904
3062924
7901678
6345706
2538913
7335706
3442381
1334803
2959414
2854487
1971193
6870555
2765022
8244096
1796893
7877347
1675112
1985815
1895464
7666675
1469613
4089590
4394251
5047775
3526229
5606016
7148509
4363968
4198749
5449958
3451353
4385735
6880999
1004084
4494405
6110988
7675744
2871086
7014687
3897154
2882309
6933527
1232563
6153760
1630260
8523267
1782199
4152275
4776183
8139948
8390017
5492910
5645900
6143207
8879806
3191292
8069592
5108382
4074710
8498833
6852406
5017332
3165727
5500989
6409787
1476569
3657588
7188410
6264019
6473831
2054006
5417058
8266326
3788316
6757537
8563368
7805852
6047444
7472805
8620584
3502941
5566086
6779145
4871480
5985585
4983744
2635677
6148758
6664246
2910218
8138718
7326634
6748941
3211208
7510352
7848469
5474343
1752091
2994658
1657309
5656218
8774270
5030035
6633722
4756073
6262471
8288465
1836983
5084310
7753117
1295953
3177613
4743313
4801413
4933617
8068067
2467423
4392836
7716459
8757888
7639341
8818417
3115700
1539164
4126424
1160953
5357506
5243262
1258881
2795351
8608408
8987229
5113236
6373553
8800167
8087699
6588348
5270460
1530013
6302243
5221506
5534263
1307225
5934588
2807902
7751673
6863585
8954299
2488469
8331339
7720764
6910306
5448919
3889569
2327440
7223890
6617758
7361983
8379566
4302637
1211307
3109116
1282487
8657503
3626716
4019691
1352715
8496930
3544733
1321370
4553018
6329843
4762613
1904031
6514326
8287136
1563392
6583112
7367040
5317936
3775178
5368848
7286261
5630732
1940030
8628371
4999832
4498278
5298490
4300343
2175690
1830853
1642591
2817890
6889160
1223520
5459118
7639167
6275359
2333182
3077399
7037664
2925313
3500750
6028715
4044747
3659972
6160123
7904981
8323722
2661108
4266737
6915766
7189516
6192237
4573945
2929440
6106324
8488349
5118733
2379903
3731189
5671616
8401249
2205796
5594814
3165462
5127066
1304017
5007805
8725541
6531471
8670779
3604366
2142469
6252780
7370657
8866293
5573691
6330926
2223466
4144220
3546719
3799621
5045966
6894151
8779205
8928418
7685534
5151398
5011542
5619854
5309010
7672947
6515527
8212297
7950120
4175874
2288007
3905151
3589549
6155602
8188131
7370264
1280221
2567877
4481726
5130638
5580355
6729759
5709678
2779804
8044898
4011953
6716664
2165276
8104000
3796974
2637929
5280254
6902771
5634060
8027962
8231714
6433251
7170776
1473671
6258248
3040253
5288863
8216532
6704835
8837873
3607771
1859839
2811353
3975378
1206744
5516903
3895503
3878070
2690269
1854264
3239205
2914210
5215578
7768946
1680308
1860778
8009877
7453605
6712113
5840419
6465886
6897051
6242219
2348765
7153507
6685097
6980098
1909312
2847191
1669767
8573437
4207113
3310092
4300478
6116786
4312723
6286102
3837490
1858347
1915595
1771180
2518700
5247354
8214929
6616398
7685990
3795749
5348517
6239956
8218904
2429454
3391705
5717433
7506032
2517199
2839787
2134448
1520687
8803139
2013702
4798483
7930870
8521457
8854673
6090408
3746516
7715810
3725383
8270823
6718059
1841741
1260348
8433435
1482304
8289537
4421946
5983741
6276959
5379449
3621589
8483760
6024472
1385208
6465704
2327480
7836167
4678193
8296259
7108553
6821131
3942281
6891272
2615132
4648207
4439249
5660952
4917048
5460260
3256084
7827955
1948149
6993803
4300131
7063910
3809462
2917738
6506411
2975943
1792477
5099571
5220114
2190604
3678736
2012988
3195279
1779414
2231265
6281056
7256554
5816988
2278252
7996130
7282732
4150134
6358944
5176948
7049833
1062798
1605912
3387346
3881701
6764146
6043125
7040817
4676768
7395269
3062452
2644867
5750735
8882708
1395706
6863070
5891636
8164382
2141127
4263517
1001820
6019240
1227141
6710596
5631882
4814853
3617796
2200978
6218312
8916828
6139183
3824357
8767483
2680640
3554268
6674607
6310955
6640618
4055580
4993478
5915991
1210194
3682670
8237624
5855553
8207820
2389929
3320314
2508663
2155575
3997207
7716598
2469828
1307751
6065515
6429870
1203857
8761688
4025785
1569622
3265757
7942008
7837657
4002479
2870945
6639798
7372940
4298756
1392340
4051008
2402397
5695095
1611664
6883609
2891041
3849823
8603345
6262543
8990723
8740991
1598184
1077073
8106765
8149863
4190563
7533839
4676705
4422421
4281779
6277841
7526008
4442837
3968553
5583213
3545546
6237485
8366277
6673542
1947575
6068450
2033753
5969399
4244818
5982544
7586601
6575427
6897941
4675219
3359633
4207796
2882010
7879902
2306642
8348724
7340551
7169453
3119913
5973817
1484145
5867237
2370756
7646694
7039865
2639667
3542738
3480587
8793812
7105032
1916241
5912435
2510413
3737905
2513907
4053610
8460685
3982201
2335726
8218129
8392299
2367730
8823915
1285543
8678908
7538184
8868414
1014926
8133618
6047035
7524523
5268366
6252296
6703965
5962939
2411468
4694748
3796346
5296742
3430859
8782774
8626077
8498020
5737984
2525999
1479790
5409413
1229556
3566565
7880948
8770344
6188180
3040782
4320023
4688800
3359869
5267431
8398403
6186376
2711668
2491162
8876803
2121314
5899555
3469413
6172288
8349406
4907352
7915353
3966911
3044203
2621741
6933259
1096386
5204622
6043896
7187324
6429736
2547210
3942747
3002957
3441243
2901726
1349770
4719751
6067447
3941800
8529409
4345283
4646150
5823697
7815818
7789941
7361279
4144170
7043316
6471210
5475622
8162710
5148944
6961237
4511841
7398686
4990687
5210400
7302939
5345247
1290326
6213791
2894065
4758853
6955062
4613401
8829632
8863083
2809234
6509275
5208832
5383678
6500212
1177557
3340930
6192009
2752865
8145971
5866489
3697975
6765105
6705707
6406558
1013883
2206885
2798246
6153395
4679754
8559588
3471404
4525788
7728020
5213061
5966205
4518717
2958303
5473821
2526929
4538745
8355357
7392903
5829539
1716023
6942901
5319677
7688844
1629244
5052770
3991995
5011123
2309439
1718383
1994877
5220494
6901609
2462569
6349911
4072446
2761124
8559508
1513219
5914687
6529965
4624171
1568986
3420438
7885726
5242617
2982941
4378571
4571611
3365587
8004755
5266646
1317336
4256687
4319116
5704762
7482136
8111344
8095975
6320456
8180741
7328335
3082681
5915442
6551464
3546569
2527758
7522663
8186338
7223962
2981641
1823587
4488648
3040522
2610189
1654800
4072251
8644878
2390405
6523056
6962380
7035794
5148544
3235449
1661389
1255276
6571219
4156360
2760048
3977177
6498485
4167287
4294626
2722048
4812330
8483352
6339382
6815768
1411902
6074241
7096249
1130938
3375840
7384617
7211343
8640492
2812434
5781977
1862320
8971048
1216845
3673349
4460557
7004588
3356081
7277935
3304454
6015828
1048596
8760795
5364447
2217251
1454543
1033833
6643701
2529423
2600446
6469669
5276698
6878568
7211022
2676571
1434607
4619216
2366691
7572046
5712972
6534802
7881667
2694411
3003164
7653182
6840132
6703239
4005438
4528179
2555336
8066600
5302963
8053749
5946983
5262784
8432682
4436381
6959914
7356921
8462803
8452793
4042676
3231948
3162637
5003663
2780470
1860783
5957852
2743315
8492515
3600457
7503594
8272246
7283035
8324233
2470652
3543882
1604414
3877114
7482381
6401980
6817500
3898383
1130164
8212907
3022262
1034103
8047562
5822789
7938949
8005402
8936683
1239607
4414102
4839535
2164268
2088655
7898329
7182575
8549660
8866127
5904207
5961166
4252149
2466582
5471581
6947245
2646922
7995416
8045120
8317173
1168961
6149383
8979909
4164076
7028798
3073402
5702491
5197442
6110402
4789976
5274205
6177771
3466266
8149004
3182216
3878970
8545909
4998628
1466990
6397560
4603447
7691867
3790406
8363887
2823231
1275118
2522400
8304229
4029549
4590294
2221911
2187237
6753717
8297455
6385596
7527783
3435780
7379191
7703685
6678092
2600724
1205539
1802162
1838104
5095905
1592221
7067491
6660647
8661703
3997521
1073864
4268805
4529720
4424018
8426706
7818661
5311973
5538251
4044215
3301648
7265891
3465798
6589164
7149977
4141314
5139030
5187777
8967768
3798191
2605288
3563096
1465209
4177977
8303105
1292268
5656211
7061362
7524423
2353834
4740083
4278016
7359249
7189799
4646749
8391750
4949495
8801610
2444445
8055912
3461297
5343294
7752272
5709375
4785102
3469567
6708421
2528778
7801427
3546040
6342858
3659191
4611163
8746374
6667445
3910055
7011371
6293007
8009285
4983152
7904014
8144851
2086898
4540794
2041547
6424481
1823950
8535689
2898044
6867121
1813113
4006537
4868330
4236058
6832302
2574681
8496465
6882365
4791999
7846098
6566896
2870265
6086646
1370046
4323215
6757005
3638526
5272366
3634739
5784298
6921976
4804201
4660219
5838845
1753328
8572284
8013882
5225316
1487529
7197692
5099169
8478752
1052150
7166667
5857747
6635986
2617145
7077650
7978016
4328873
3180366
7544677
5924748
8941490
6366048
6544777
1390608
6615007
1057916
6729728
6845593
4702139
7747816
8264425
4743032
3874266
7045312
3700320
1445546
8403218
1091547
7867316
2975159
5938050
1562839
6849312
6598173
1923602
5813531
3274056
8310402
4932889
1732108
1970402
2748945
5517114
8493141
1233929
6256747
5073750
1377477
1734152
8972967
5718833
8124873
5951367
3186508
5352362
6340865
4884360
6863790
1496083
1421775
4937420
3065720
2781843
2031191
4473106
7512794
3697115
8096205
3873542
8531598
7969830
7149952
4836974
7704058
3890795
3115651
8122086
6141318
3631390
7574888
3149900
5325652
6911539
7126159
7367849
2554183
8022007
4587296
7978708
4906297
5574269
5362397
8936004
7641087
8136268
8316534
2556012
2585221
1178135
4139459
6655943
3061781
8622299
3099065
2905489
5656295
4605258
8138686
6252823
1507492
5770597
8763897
5624593
2883415
2744588
4648258
6707506
1342324
4818830
1145331
6997590
7468127
8625300
8389133
2905603
1477270
4994595
1663071
1090513
3596618
6548597
6331538
3640505
1733602
6388652
8109570
5567183
1799791
5577700
8861916
1198753
5848427
4147607
8184592
7727999
5754333
4327771
4166205
3300268
2930427
1824341
8835020
7210897
8844613
8482302
4744303
6812225
8364991
6536527
2272814
1449139
2549837
4388659
4102529
3196915
4753236
7044493
1598692
3467215
8484139
3818658
5911355
8724185
8762875
3160985
2263967
3207138
8156578
5519670
1525241
3755439
3331398
6436329
7143107
1233871
5904656
2708870
7639676
4228605
4919002
8209792
6080621
5246306
2996197
6621052
8546014
3322522
2129655
3714616
7575858
6689263
3572532
2662607
6697951
8253964
8507941
8541034
5412091
4962967
8183032
8817296
1136123
1260121
1294349
1649544
3780475
2049271
6091064
6136403
5969294
6428704
4063460
4067902
8448434
5409824
8864402
4643675
8201901
4409724
2422447
7775155
3545946
7190622
6689420
2157440
3602202
4030982
3512653
6765730
7903641
8371786
1919192
1906626
3340364
1458696
2299358
2712475
8686875
5337183
5955541
5750878
7031273
8997621
4928791
3971075
3309722
7971948
7069695
3672511
6815330
4193161
2897580
7187334
8100974
1066182
8852839
6817636
3405824
8979627
1616257
1426461
3124742
4262622
5306729
5384098
2515407
7403442
8129306
4506625
3705804
6678094
2622939
5335734
4034792
7599662
1114874
2317460
1302566
5195991
3761319
1217353
1872768
7796815
7354219
2835309
3121964
3558898
1650473
6781540
6506346
6018498
7760351
7244548
3744928
6450072
4591884
7379932
7728196
7901882
3090688
8287313
8776938
5760785
4745142
3937837
4482630
5842846
8404825
1281532
6770143
7556825
2539291
4088785
4946162
2087736
3927703
1735911
7033407
4427167
8410741
5215052
5671073
2140002
2840736
8178759
8159365
4945008
4632078
5647116
7771911
1777088
5364776
8584125
5006095
3363651
5773518
6665234
1794474
5805836
4840201
8045915
2969063
1000565
4442641
7159856
6319524
3621247
5204634
8391080
8863843
3073292
1782175
2361979
5337161
7329422
8962699
7783638
3230619
8670406
3215475
7029024
2128848
8918735
6454210
5409496
4432001
2835198
3581862
4889916
4712799
8949471
6590720
7030219
3479152
1635861
3043608
2471664
2775326
3441017
3065681
5289460
1718391
4170084
8357850
2827907
7593379
3886604
3823469
6106713
5371767
7497816
1803277
8938256
3678155
3992926
5963892
4623085
8607948
1705404
4161747
3755599
7318425
5013734
8016546
3981246
5353327
2974271
6592391
7440342
2008670
8025453
4762594
6794901
1275332
2594628
5599991
6472576
1763229
2109180
4287014
8347776
6452465
7783774
7675147
7300501
4276833
3333201
8877754
1498765
7107979
3564177
3352293
6057806
7686492
6526525
7929787
7308127
1703030
8970218
3065843
5030594
2348676
4710263
6032690
5400360
2260397
1627315
6501929
7184178
4454868
7664719
7197990
7393940
5677116
8126783
7943090
5724197
3504013
2189248
1130788
7931773
7854765
7854628
6419332
8688782
4321541
5108402
7591232
7590900
3515136
7912640
7565160
1093433
5757837
1054428
6521835
8994189
4922350
6323831
1364407
6805506
8260594
6007744
2339051
4578255
8298758
6263277
4754590
7544122
7877854
1225059
4440233
4145154
7249419
7177876
8743326
8007997
4471194
1691929
4059739
4053710
3573683
8122049
7725320
7624426
2767085
7881090
6538396
8269541
1382831
3929238
1671821
6848497
7478055
1377946
2282731
7406288
6661441
5293971
1889725
5429893
3852920
5512551
6692288
1678767
3912463
1995413
8503439
1026465
1063750
1106377
7484897
4078169
6258757
3882569
7487605
7303679
5591148
3461762
7247885
1530110
5252623
7049121
7458754
7669940
1126501
3983464
2365445
1326714
8659356
6917989
3369828
3260927
7263133
5422802
7445663
4950135
1486069
8499183
3903384
1612240
4921038
7295396
2872557
1283963
1043550
7552794
5697349
3134855
5502677
4378870
5497965
7860393
5285031
5059036
2957286
8319561
5443081
3247068
1861802
6926462
2274761
5233285
8370064
6295354
5358912
4897136
5210990
8327827
4990659
3854435
7489517
2752915
3825156
7768680
4252544
1410260
1290756
3303122
1742935
2432007
5352823
5599539
6227341
1952681
8328631
6914059
6504232
3480331
4792407
4816092
5776703
5955779
6584770
3635228
7842469
5153986
2413111
2584543
7759209
8047440
2605533
8037105
5817764
7760919
3855495
7346278
7469070
8996370
2840822
1469861
8790996
4740924
7220471
4339074
7934172
6680753
2717575
1280942
8599522
8655938
8200483
7633579
1602224
1872939
8489042
6334299
5721181
2488787
7170924
2636017
1121408
8998498
6950915
4250402
7603189
4553921
2184956
5474742
6661947
2031023
6053672
8743893
8337872
2074996
7478850
7265574
1134007
6171358
3143193
6504028
4173733
3299370
8658090
1686613
7977719
1855577
8059435
6454359
8495505
5623353
6543502
2660332
4538494
2585455
7341623
6705778
2229404
5734804
8642330
8899233
3452931
5203980
6706020
2679493
4453411
6972856
3474017
8814185
1483490
2796862
8479801
8500421
4374835
7907052
5980557
8266441
6727801
8573419
6480810
7846766
7012343
3387240
2043857
6362538
4243560
6421154
5432220
7532634
4507194
4800755
8334677
2409763
5800787
6262761
8158292
5466594
5221913
1248483
5914973
3332111
4400407
5711612
6712564
1447513
1082779
8796784
7627426
5036481
7279798
6738875
8995000
3061832
3546977
8883270
7302691
8119001
8337892
1149451
1326232
5345645
6550835
2863042
3927312
5005567
5557689
3903705
4129143
8355470
1875853
2219204
4515292
4179081
7935546
2948254
8968650
6800540
4914808
3059951
1906385
8579342
6288560
2935616
6682378
7775529
5817327
4568523
5113185
7462517
7476608
1448617
3466302
4344675
5069464
5311873
5492199
7915124
5241790
6545937
1997184
5775171
5068413
5459944
3445721
2115887
1273422
6397578
7435954
4072938
7030199
6028232
6454438
2042269
8980947
7588951
7868070
8296499
7705475
6004718
6734403
6561749
6003053
4140401
3623787
2526903
4724257
5286947
5310155
5754602
8834021
8948253
1361184
4127248
8384502
2858154
2198974
2967581
6189442
5483117
5096713
6254979
5213550
7599677
6741087
8662393
3546961
1323051
1486569
4476130
6012495
1500962
8311501
1104129
2613014
1252706
7708966
4040159
1888099
2339122
6621606
5504372
7885401
2138723
3401579
8371766
2948049
7892038
6324511
1721321
5393031
6388246
1122042
2206961
3801317
5655765
7471060
7778040
6779125
3080611
8447261
4933673
5728980
5974742
8300095
5924207
3301855
5458933
5402879
8603864
5407489
4651498
1864999
4582330
5007913
4974866
4891818
6199980
2450437
1893955
6935084
1826455
6087560
6643144
8575485
2607014
6772489
8220463
3141898
2569925
1850977
2555340
1306400
1871846
5894731
6667742
6877955
5968678
2292175
2762238
5895546
1956491
4058828
5808174
6854964
2363491
2567845
7329262
6826105
6707324
3611748
2270059
4401031
1804499
1793057
2715968
1767170
7418212
5508141
3006252
6518357
1626025
7017747
5670966
6905219
1500193
7670106
5187952
7285847
1354138
7479925
5612459
5395023
1464851
5785061
6631081
2747675
1613137
1641321
8821780
2878162
5633235
6442248
8209113
4814677
5447786
3313448
1017492
6544214
8764521
7671222
2365721
1347371
2114361
6313123
2494615
8343552
8298669
2786651
3092015
1083273
6279447
3346314
3953958
2232069
1543711
2145974
5138412
8351766
6099133
2322885
7159835
1250920
3477734
8699820
4824399
4164872
7596816
3736003
7890332
8579939
2840775
1966339
5685693
3758996
2912002
8207916
2462281
7393096
4883553
4582239
6745671
2054856
2344566
3025657
7458199
1074684
6641993
7218283
4716583
8687514
5765549
7429440
2772072
3745245
6259906
1447191
2730924
5673905
6215512
5376600
5386315
6100490
1006334
3264497
1141384
2372249
1357428
6508821
6548128
4005601
3540176
2532290
8925653
5272095
5921218
7696140
5149484
5718870
7665446
3995007
2776330
8860014
5979871
4127624
4446477
7776735
3004967
7361942
7063869
3346707
7767398
4176114
2777598
3132651
3236759
4073058
4633854
1871628
7037730
4506443
5850645
7529567
5314990
2343838
1762139
3166321
3163815
4456251
6259592
4615939
7875099
5541084
2092966
5173922
2802050
7091366
4870607
5795670
4002135
2668073
5737685
7743588
4336257
6161768
4561523
2061105
1788714
2059414
6588768
5820603
8315420
1182656
6824549
8885182
2767490
8231124
6706923
1023507
7917376
8063978
6662105
1223737
6757884
3116502
5655924
7479888
1303108
5534299
2900357
3815130
1065677
4458299
4015563
3191077
7363064
4160108
7739856
7223063
3778043
7836600
4341487
7340898
1674041
8572114
7894591
3962029
4387625
2649743
1076297
5091610
2419055
3792061
3093338
1224145
5565729
2629547
1534152
2883858
8597436
5664349
8800835
8827845
8801684
6533708
5978355
1507940
2729607
1111110
7136543
6077360
3310362
6595937
8967941
7301256
3772124
8853654
7718607
4355586
6031667
1541606
5598127
4701336
6961441
5280979
6613159
1603030
7594922
7191300
5963257
7370268
4522547
2851528
4401925
4592368
5828419
1425974
7763946
5737643
5280650
3714674
5938500
6245492
3330364
1269717
6582628
8285715
8530019
4143589
5296257
6907840
6846259
1284909
8151944
1097195
3479271
4250976
6065435
5696230
2172869
5022174
7130737
1800151
3242378
4019853
7343168
1184316
8076123
1166770
2226526
6207482
6317013
8768077
5045439
3270886
4180341
6015542
7172303
8915743
7807243
6024603
3262358
4548635
8005201
6956045
7648767
6326506
5707722
4011192
6086015
1616818
7497680
1034123
2164146
7843101
2564030
3580815
2993384
1623206
7973877
4109132
1206518
7954239
1579958
6128337
2005411
2401886
4730106
3764651
5629490
2899849
5622860
5559551
5466451
4245847
3414529
6747843
3249860
7284743
7623951
2502797
4224778
6897256
4917331
1659183
8985467
4840941
8512101
6307299
5073260
2811205
2858535
3403308
8339268
7291910
1956004
5097963
3887251
1692868
6465214
7260972
8791865
1910128
4822444
7540489
4662975
3267044
6541600
3552942
5573878
2316511
8948167
4241619
6112442
3371246
4387874
7420248
2813115
7593802
2773681
4343594
1847045
6935813
5209471
7198693
1596816
3425134
7809502
7273647
1919944
8087612
6417166
5925881
1478172
6363820
1080259
7663353
3844466
2565506
4509064
3689527
1269757
6046327
5405225
6800102
6157936
8725145
4705561
6580979
3822147
4046492
4925894
5067264
4836245
7718416
8468125
8373311
4742089
7653142
2127697
6850030
8946820
1736252
1419021
3762487
7997591
8700857
4210082
6287281
7844101
1648712
4233020
2238019
3648089
5177077
4739099
6949934
5417995
7820349
4196097
2226424
8747758
6277103
4120771
8748738
5968812
7894714
3134409
2502308
5762644
1472673
7907194
2262718
1632965
8309071
3037933
3175680
7394850
5762606
5648201
2985951
5016352
6277663
5127527
4551168
5581043
3643586
8028901
2914809
6769105
2678772
4059265
6612765
4824122
3583913
8333303
7942775
2279496
5801427
5400981
6771757
4186055
4026756
6148839
4477828
6177187
4086867
8701759
6249000
5508743
2949339
7021625
3363182
8950959
7245113
1985543
3594530
3728460
2103593
2839846
2148110
8288538
3746507
1661371
8018992
2256587
5426981
2544811
4805673
3110707
6989679
2647490
8956123
4695509
4852048
1739591
2120174
6209093
8940429
7966951
4237302
3774323
1821212
7552227
4005510
4896853
8888481
1222253
5909937
8020962
6346915
2449492
8726264
2546396
4205227
7437162
8360890
4918891
6660920
5641469
4596646
5304370
2468169
2078659
7540233
2166420
5496947
8995759
1422466
6714604
4491786
1931402
3561956
7257907
4304584
4068844
2749016
4607086
2153117
5823874
3892055
8550112
2090681
3956903
7564708
3302533
7230551
7482037
5137384
5716863
6238918
7926393
5188574
8401183
7319276
6526159
4907872
1629765
1906049
8725675
2607547
7881812
8638778
5547654
3758938
3213305
1201322
4303117
4789444
7340601
8469951
2266986
2999416
6019180
5536628
1010110
6836072
8195469
4873826
3395012
2221580
6471469
2686584
4334654
6886050
5631013
5993448
6607604
8376751
4477274
6861726
6630966
7340812
4962286
2214568
1893387
6653139
4803365
5701062
7893947
4219860
2429232
2063880
6338892
7702322
2168928
4987860
1184613
3689391
8964542
3558383
3739949
3599757
5491440
6091483
7483497
6045425
5238172
1091845
2874799
1612331
6573380
4079855
2336475
6134389
1301393
6049888
7040592
4453261
3407940
7270470
5696723
4722451
1185819
3510049
2663820
3041353
7254826
8064198
8453206
1879699
1861774
3776434
7148793
5438660
8756099
1334851
4902803
8959337
5808823
5942164
4763528
4681148
3579063
5996786
3363004
1812651
8790243
6581304
5252305
8281658
7854838
6015081
2313155
1016465
2713126
8459534
5630357
1962685
4611664
3306380
1477447
8070612
1128248
8232077
1028506
2866179
4018089
1425637
7977305
4681672
8019527
4753604
8295811
5626913
1905938
1153883
7978603
2408832
8527440
1644512
8916055
4536861
8995325
6575855
4618238
8845327
4611125
3738443
1817315
1971832
4194231
2267094
1376018
7087036
7668748
4741060
4840237
2224379
7901486
2692683
1364367
7170607
8096953
6588393
2578416
5683719
1779064
6274103
4958221
8748197
2457456
8770823
5772711
8843420
8806213
6290788
1140246
5952899
5416457
6764678
2516441
1214313
5734774
1057017
6072081
1545659
6662655
4996249
4143321
4461362
7442312
4878808
3889164
8471057
6295092
4710182
3765586
4027617
7174403
6762623
4402315
8067236
3754533
1204121
5843818
8350513
3753283
4241251
3781252
4414092
5402874
4299934
6819341
4552982
7675263
7040625
1229144
4894078
3381474
5928422
7938909
8140223
6790284
8592512
8684951
6835058
8302141
7309487
2943603
2912674
4859269
5936227
1863208
8038947
2951921
4834485
3380517
1339671
7378987
5789344
4061021
3795574
2348877
1692828
6750377
3940120
2190844
8567453
7525630
1667050
3925856
3992276
2763955
3090104
8882753
7874692
5850628
7740891
4242430
1307543
6965963
6627078
6755271
6631014
6317136
6534339
6648860
6824673
4934803
5478698
1824690
3049423
7065443
2986550
5289530
7569843
8685492
1222457
2460559
1406900
8084618
5073023
6242950
3823442
2617937
7047736
1125344
5535921
6350084
4021819
1584920
1283226
5391886
7348058
4842484
8929718
4676525
4957789
6050491
4953392
8130975
3909849
2108596
3536347
8242375
5952005
6074838
4422924
7574344
5049683
1999115
8330675
6985582
3576897
1296998
7713555
7322824
3146516
7813506
6559030
2305374
4864870
2542009
8031201
3363647
1506036
3793303
5671329
1880596
7071807
1710867
7769852
1874527
6452094
6277477
1369134
5925793
1234109
8452127
4992776
7438083
4575878
3130476
2713125
1946904
4068863
2696455
3068766
3691170
4029668
8498751
5430486
8254277
7369318
8306274
5659111
8857256
8434491
5516982
8422090
5993020
2078879
8183215
6198332
1806360
8941790
6570297
4451183
2482392
1846436
6616973
2757612
2277798
2826068
4195207
3122761
1028742
5991200
1357474
4750801
7252055
3270123
2704357
4519080
1447073
2579678
3837127
8077575
5516676
3287229
2882344
3207191
5558316
7639430
7756992
6501583
5987121
7347611
8015897
6678487
5962438
1422232
2886916
4518404
6731973
4047662
4925737
4735574
7532964
8338292
5729155
3459958
3907895
8062359
4465758
5544456
4320616
2111784
8903849
8011661
4113811
1156312
6327254
8708908
3764943
7073426
7621829
2976223
7311218
3594476
1792435
2932068
6596312
1942637
2614305
7986323
7969213
4896200
1178692
8639076
8787553
5842095
6950787
7876658
6188112
8477679
4625906
4249260
3536450
4045098
3159656
8155782
7158095
8042127
6296491
5834983
8214832
8609259
1526970
2038907
6660916
7412407
1354565
3760152
1545852
5345997
4965228
3845337
8139652
2263833
7849641
4893519
1849025
7263540
5551103
5357287
5420030
7761738
5834126
8309823
1945957
3941505
2542317
4449702
3369605
2860874
5886982
7436224
8423908
8246449
3696691
6140958
3707340
7748470
5986077
1622045
6469085
1193694
7460687
1758045
5965190
4794554
2208769
7957640
5841482
8293691
3681344
4253884
6878333
4939346
8879429
1890691
2314893
7885759
7621223
6178477
6898301
3315118
1206724
2870286
6152353
5524259
7885943
3413211
7320947
8694800
4648453
7975558
7770449
8954527
5208315
5098606
2324711
7220380
1951793
2058251
2509656
4083166
5431175
7224889
2705283
8976877
7776063
2559589
8022344
5630239
1955749
6011375
6752923
1867782
1054083
4693994
8400720
3616236
4824111
4943780
2290307
2604042
8122439
1328033
1123502
8716325
8166228
4427003
8921645
8307294
2721239
8223607
6593069
1018425
5860353
2614190
7197191
8095073
5166183
1666687
7091008
5934427
3218193
6112611
2743934
5059517
7351671
3346122
1607778
3523523
8631892
5701988
8568278
3662032
8205368
7245530
4873935
8622603
7918002
2684188
1125725
4657511
6933707
5136639
1866243
7314158
6794717
5503613
5185220
8926492
1919825
7965198
8684186
5838639
8072652
3188431
7604781
5155736
3663271
2327549
7479702
1737011
5929305
2650913
6686705
3632630
2595905
1335180
3967728
7363604
5577340
3658235
4893580
1578681
8657382
1807264
7665100
4476185
6916804
3255282
8070222
5494401
6339648
2767968
6118063
7633258
3868182
1854149
1895569
5428344
6762041
1776730
8540005
4397314
2812138
4939968
6167700
8281232
4082258
5759487
2323246
3272021
1968012
8666977
3418038
4635618
2918168
6672250
7999291
2811969
8156203
1909814
8595143
2470753
4082001
6815261
3133417
1713989
3054407
1497121
2175166
6977018
2745290
1543304
3983348
4007976
6447988
5434323
8390890
2058519
7943655
8939164
3229021
3830931
1724795
6221696
5711294
6910994
4294375
2863790
1573815
1738727
4484438
2677224
5014858
4251318
1035972
4694865
1754167
3771341
8941096
7140713
7568679
2399126
2582114
2617072
1379823
4022024
2313922
2426411
8845581
1170823
6577699
7940449
3398899
7808553
6366231
7040905
5427139
8684372
3062451
7824999
6095935
2113851
2546495
4288506
8619575
4341859
2262097
1318339
2689609
8029656
7361927
3322115
7011802
6092236
2628384
2754345
3809494
6077935
1989807
4192072
8160667
5113677
4053741
6830392
4195605
3980429
4530591
8925564
7347124
4138893
1587849
3862294
7241257
4944712
1211111
6569250
7221381
1462416
5523506
8640246
5338898
6822711
8286174
4661775
5682151
2062047
1824718
3809545
7157399
8360207
4767228
4026944
1422404
2306548
2933630
6748793
3849113
7155039
3223766
5740439
4627013
4964235
1616879
7691660
6014504
4931967
1963168
2784550
1700751
1829416
3604724
5728050
5679711
3314005
6527218
7547212
7813857
7881470
2811422
7744855
4172087
3259078
8726608
3975693
1389667
6668937
7209011
2898624
7325079
1605543
1241291
8892804
4066011
8855859
4265945
7322866
5899344
6893248
3525304
4568150
1331723
1687705
3643558
1596453
3519803
1929347
3257640
7840286
8776070
5584208
8018189
8038335
2545159
7546954
2995032
1553795
5505814
5355717
7102195
7463026
3831970
3641663
3230442
7640280
8677479
6945236
3037693
4179811
1835594
1864272
4922443
1996874
1770865
7597261
2067554
7833781
7313939
3865819
3357191
2281714
4130072
1269488
7281436
6753723
1834399
8015227
6549028
2904432
5293009
4062519
6993514
4542512
1337967
6580653
8908361
2265115
1494756
2104610
3455694
6065832
5088417
1988070
4333250
5250736
6294723
3544987
7670387
1885076
1212813
4514306
4558769
6101166
7158054
7870393
4832881
3570012
3386410
6215258
1624028
8756331
5673189
5812805
7344099
2315228
1492398
6103748
1791795
3302495
5213619
2253590
7222797
5230871
4094921
8931860
4624334
4770005
1518183
8388007
5243173
6862811
8491356
5915191
2587906
3145703
6767025
1737959
1044981
5890529
7585344
3914363
7837246
4754331
7872277
2878734
1962744
7553713
5145488
3173551
5811573
4074065
7236899
6281683
5002937
8884518
3117920
7892856
8463452
5741145
1336607
7006743
6601948
5404248
4983003
2062500
8763604
8392512
6227948
3985940
6059189
6992191
7068120
7970956
4157410
5637302
7706992
8149581
5954777
2033620
1114199
7809385
8905871
6981730
7677829
1074995
6261741
5190883
2586829
7145930
1168937
1730773
8015938
2636958
7669781
4433399
5280127
6154910
8082607
7569549
5042238
1066076
7725106
4713125
5304410
1199710
4417262
3412840
2190582
8284035
6984939
6157073
7439139
6801982
7231089
8919677
2552428
2272102
8305525
2016219
8965288
5543623
4740188
7988771
5945707
3169674
3202345
7138141
4975458
3628254
8224328
5284034
8617939
6502022
1816980
1463861
3774574
1337659
5540382
4645964
3530742
1887317
1821675
2066492
5142944
2311492
3413964
1264353
8568355
5103174
2445990
7709959
7629975
3973903
6325199
4836281
7196553
7897895
6993427
7999481
3919772
5408607
2419092
8080837
8961398
4724875
2129413
2420508
3048870
8197344
2134502
5257958
5782381
1195370
6232461
7209683
1034330
2510029
3889630
3921059
4642525
5699197
2046977
5780582
8745379
7054835
2175151
6381537
4261939
8154288
4550826
4000549
8918622
3268365
6628620
1342049
8530665
3226027
2664664
5598329
3222621
4481381
2878941
6886963
8734509
1311986
5916906
4361702
5974339
6849536
3375688
8952473
2416828
5778762
5362530
8448155
7447627
3491097
5400594
7967616
5085985
1552118
6184066
6661340
4918728
4894860
1534397
1005535
1582659
5572788
1772585
2098983
4186449
1985712
6919888
3689045
5841243
4714776
7653405
1872351
3160786
8910824
4110369
3924837
7655788
4412507
6181402
3696592
4141307
7379010
7772195
1454409
6133894
8331796
5297123
6069227
7428017
3470485
2913102
4981246
5053542
4324423
1072004
8581727
8280306
6853170
2175535
1955579
2614621
2441817
3448633
3861140
6425129
8911757
4007167
4089932
8094361
4560725
1191910
4121100
3753447
7447284
2464658
8548453
5319521
6057390
1655042
7643058
2902137
8542754
3191813
5383139
4718289
6739021
1502409
2980384
3455079
5811435
6393545
5936745
4023873
7532954
3334101
2640853
2061208
1052254
3018199
2269310
7072937
6924346
6308069
3064911
3476118
6926298
3333718
7228263
4830271
6275006
4472789
5314648
8334031
8861709
2843832
8408294
4467900
5863798
2616039
6513936
2621040
5086897
4775001
6189534
1033478
3405050
8308274
4596866
5208448
1520597
1052403
3805328
1822509
2155696
8963711
3329874
6994734
1815942
6178899
6447636
5685924
5968833
6840916
5857009
8719885
7680885
5277203
6827487
1324869
5284319
6609587
5550234
8722048
6242207
7299009
4393052
8441128
8841775
1917933
1899929
5784431
4923661
4390479
7625303
1070115
1266655
1389240
3288421
7641968
6345911
7928542
2620215
4457447
4860743
1268440
4536278
6047593
1842783
8106093
8418485
8210131
2882460
8192949
2545185
4903343
3507723
8129769
8011202
2554361
3741602
2127647
1743677
7522022
5044090
3634003
7528370
8065771
6124309
8415290
7617192
3211967
1881478
6055810
1514868
5457237
5068333
4112298
7736132
1978074
3227433
3515920
6271768
2378006
5351465
1863300
7586342
2279650
7042989
4540676
7641480
8318312
7045654
5306437
8490474
3477591
1652907
6425714
3652695
5220443
2693867
6881130
3084187
6219333
4924421
2003675
1467134
3933128
2996910
4113292
3334582
1664966
2642484
8730817
1803147
5027053
6566128
3673936
3203079
1384888
3532571
2090075
8211736
5715450
2011947
5481106
7489392
8221933
4016396
2627931
1795866
6974476
3713199
4158398
8230707
8162224
8738372
3485146
4183333
5524743
7727163
8576616
7305246
5208113
4107308
5279572
5570441
2392391
5324562
6087642
6635627
3523897
1425226
2074240
6225514
3129231
5754231
1982586
7482498
7939670
6794758
4080465
3891565
7235074
1749938
8413227
4045235
8888565
6844314
3064753
2523117
7275058
7342245
5993614
1334756
6152915
3646700
3131952
7649540
4266941
2369206
8073131
7148425
7619161
6429069
3419042
1351754
7718725
2902468
3533749
5146920
7148838
8356843
1417926
1607218
5319751
8604519
8689872
5749527
2259712
2436749
4387985
5130291
4977709
2327961
5467894
6661219
3092940
8738939
8571653
6244736
6460301
4460136
2389167
3467051
4019226
4034094
5950430
7186023
4940281
1150706
7089169
1630454
2250482
8167960
6253498
8368016
4741533
3561119
2307522
8197407
5294809
2167276
7946613
8563511
8033549
4574968
2145522
1302084
7582388
4265277
8997781
1266642
8804098
2684974
6413025
6215914
4250602
5874476
4577244
6622728
4396093
4591520
5918066
2692270
4899876
6078780
8163792
4247277
1906835
5756561
5030335
8700971
1098064
6549160
3654778
5258050
1600684
3466503
2029239
6070222
4260144
7237663
5846880
8862956
6670420
3149563
1979612
3939917
7166585
3827311
2794906
7951352
5780139
1186804
2425431
8764031
1945949
1742917
2024618
1602039
2604909
5242507
1821065
8175773
5189847
5808503
1718525
4293651
2543778
4905433
5194212
1750347
6829518
2850552
5308638
1154876
8598255
5705395
2580472
5731272
3215806
2004831
1504125
4227834
5345982
5679660
2403703
5447092
8122190
8804490
6391900
2802230
2549918
8878442
1780471
4418886
2032868
6600671
4204511
3127384
4061407
2478433
4798022
5574652
2109429
4609558
3504150
4484758
7096919
4966903
1868429
3977762
5837385
5171817
7219411
5231276
4818534
6649372
8956460
1890700
5007357
4692377
2033805
3325530
8435845
3253836
5073059
1818602
6239452
3927125
8637908
4768548
2587632
4747542
1520992
5294958
2480027
2001284
5006050
6510284
5369247
4095004
3467392
7863835
3684655
6760150
2457199
8572919
4836473
7370220
6455644
5776984
6666422
1865916
2803763
8446740
6021815
7339111
7426639
6163978
3960048
1554877
4564829
5002215
8273347
7737582
6036585
2984274
6203898
5998418
6347151
5455366
6155158
7645711
8319464
5674727
7305021
3423441
5827342
7505481
2843335
3653296
2450151
2031744
8081244
3400151
8815779
1481899
4336389
7419426
1820692
1715338
1001156
7275763
6828901
6219818
5755144
4114837
3835437
7441998
7728797
5072647
2527471
6584619
8072052
2858996
6314414
2468071
4630517
7768906
8067819
4166311
5543030
2592573
3439187
1112546
8736741
5241803
2138387
3549578
4908558
8366372
7279191
4453604
2060411
1668541
8990336
4836686
8890349
6373266
3193158
7917011
1499244
5768206
7894141
2460285
3538499
8095448
6204395
8062570
4349487
6779101
6636170
5453526
3112248
7506204
7106449
3394702
3758609
4871657
2933422
6302992
4640720
2525210
5600408
5745453
7107851
8443404
2734062
4070750
5832855
3332508
3513144
1122344
7260550
4312889
6368986
5131024
4899841
8462566
8012037
1677420
6701175
6380832
6615391
3809061
3383857
1463980
4785365
4299045
6506240
4585438
2431589
4585179
3167430
6417792
2928041
1792590
8914401
1954922
6399916
8869296
5541360
2300306
3488794
3244611
2723236
3741074
6983523
7120491
1423736
3207180
5604938
2513389
5166970
1301867
3218736
7131494
7746361
5221282
8116711
6066406
2426890
8331229
5684895
4833579
2761345
3689333
5280688
4847949
1043736
6869052
8257171
3435968
4296975
4345354
2173667
5365161
2269905
1102228
1838069
5080883
4369052
5551121
3254462
2562923
5152398
6603080
6052017
6075035
7947215
2790710
5414267
6141945
1040615
8834559
6711436
5562884
2656323
6846948
7126029
6355621
3251252
1085519
8538014
5070282
1029005
2699508
8698553
5555159
5794893
6427722
2124616
3577326
7218822
7305358
7145977
8749528
7194746
3210565
6959111
1129441
7213001
3094124
4902879
5753940
1228899
8920774
6134152
2066305
8689149
2849611
6974389
8661732
8559105
2303835
2661495
1145746
5294049
1401388
1634741
4589745
8322722
3891644
1597043
8397236
8112793
2243033
6653975
4318109
6281396
1307560
6732433
8103667
2149418
7887933
1066453
3983328
8018016
8354980
7202386
5612611
6348839
4894472
4524698
1726827
4542650
1950036
1667304
4453603
1436847
1499379
5851749
3991598
7435810
6377299
7958568
1389610
4459431
6338218
1164166
8115622
4167120
8587615
1426934
5466690
8505948
3528642
5070915
8895641
4899709
2771721
7821682
6347058
8828673
4844522
1070519
3734212
2612052
4256281
4391652
5225963
1609662
4801079
5741137
5939589
3802785
7077765
1297172
1808388
2641290
4771014
3337211
5928132
8626737
1912406
3154060
3269141
6391481
5586112
5004861
2474823
2106872
6794235
2869705
3695978
6519228
2118685
4797319
5302761
7193468
7488748
2553849
7136619
7133503
7541255
5730149
1324749
7456318
6089087
4807063
4372614
5007499
7348080
8882950
5647942
8657739
8324090
6405226
7511703
7762201
2969716
6530925
1545967
8013450
7594080
6600229
8604151
3333788
8540785
1042111
7890363
1130813
8310868
2689015
6915110
3705351
3545748
6433213
1525802
5662500
4139502
2509577
2710268
1013904
7190691
3484789
2252729
6446498
7884451
1420639
7867308
8780471
4187603
5655678
3268231
1273016
6621745
1540634
8302898
8797992
7905152
4041303
4655554
1486949
2650687
8113798
6549552
2242762
4698871
7375488
6321241
5482350
3020227
1867943
1807005
1579404
8961094
5618678
4435793
2052991
2071312
2265483
3694872
8021812
6855088
7831358
6235151
5258324
5506957
5682381
2664083
5255514
1771370
8508041
3249199
2431000
2662890
6262294
7446874
2142243
8825840
8554071
4449139
6913735
7818063
8691694
1274881
5478234
5002673
7700453
2955273
5168649
2913068
3298477
5036762
8391966
3428210
4471298
4190858
3495005
7016468
3882079
7265895
2526465
7182615
3967288
6690031
8279916
7817308
6768762
3394979
3584914
3822053
4338907
8921943
7446526
6006170
1427534
3341593
5274344
2812235
6812469
7180419
5106414
5483694
6868925
5204223
6247575
6386506
3089051
2580537
2022013
6982049
1288632
4182718
3090880
5074717
4424000
8906119
6692860
4443824
8532910
1772954
8235017
8023983
2695287
7154436
5129470
3123086
3508840
4897624
5070233
4943724
4992829
5568308
7070309
2586764
8524663
5791513
6978872
1172473
3432977
5567677
5110496
1775744
6595831
4454314
1009748
2730860
7737221
4491456
5561137
8450368
4619097
5544423
6226406
8509168
6885923
7718804
8953918
2954846
6792499
3819876
1876521
7393662
2318400
6467707
2573507
4607542
5092804
7320650
8563223
1835978
1467022
5392160
3636175
1686679
2059957
2809057
6797163
8786252
4588239
3305781
5312276
6407888
8593460
4019459
8035074
4161592
4251961
8231107
4493232
8049320
1043233
2568083
4204142
8191647
5325738
8949562
8928819
8129710
7748849
7583983
4818763
4540260
7091311
8590491
1392367
3790131
2518836
4716967
8700353
7245328
5209960
7061181
5119590
6532896
7903513
6418516
1850221
4165511
4868334
8592817
7719935
7021085
2738479
2123828
7982500
4090716
7583478
1743777
4221115
2891292
1478383
3869679
1841063
2390109
3919750
3767237
4729174
4447740
4990422
1453570
8967612
1043940
8585858
8694767
6185019
7192291
4551234
8485013
6484910
5787773
1170066
1333456
6981553
1801628
6423030
4482802
6495965
1769834
1769143
6733037
3682793
3782023
4352098
7667823
7924057
2981097
2557940
1632582
2742766
4739141
3809574
6091183
1969429
2331459
4172060
5412218
7753584
7637268
4516113
3391667
8430769
3117307
1307017
7549228
4799750
2377649
2419205
3940964
3770769
1142417
7746278
7459931
3782115
8798290
6894272
2442973
5222651
7793475
1839942
5598900
4768045
7517168
7587289
3173925
5647199
8403021
8380514
1415477
6068406
6304465
3742480
2061422
1064998
4853476
3215692
3569768
7227116
6035130
5373836
8169003
4538784
5343034
1455522
6388147
3013056
6190453
1069123
1396727
4647705
2749812
8543015
6233310
2419543
6909874
2277377
8577741
2094848
5511520
2812363
6669846
3593434
6684906
3434664
8089581
7264046
7374983
1661835
3498239
3001829
3185814
6499969
7556903
7014472
6080874
7545615
3118202
1291550
8242903
7303395
3672705
2363097
3214079
7118527
8560672
3650534
6573689
6953187
5817704
4847386
4367661
3098090
7958287
1216658
4241813
1880204
8366718
4710596
2465517
6041922
7645496
3663496
5241319
6927452
3525269
2909715
4192929
7701878
1424987
3435535
2913537
6178967
1763751
4168682
6835814
6696060
3103172
2557729
4292766
1123664
7236410
2713321
2367645
8884338
6159439
5336108
4657812
6839935
6884801
4707561
4592482
6869676
8557066
4073427
6132371
4448008
3149442
6826319
2980522
1755684
2347269
8498336
6305733
6678249
1079906
6626821
4337760
4624379
3749083
6890163
3160198
5080587
7346252
4967377
4357163
6063747
7309263
7303377
3686805
1193015
8314276
7006798
2708310
7849222
2371946
8142307
2691709
7831849
6986793
5604066
8466479
2630834
5694226
4112869
5322399
5740412
1704706
4254349
5566292
2591456
7516985
2713424
4407588
4907382
1255764
8561651
5979069
1162917
3214497
3580276
8585334
5501606
1333148
2834044
1774420
3525870
7297878
2812059
1578262
2705321
7969807
3680906
2148137
2455104
1361923
2932486
6462943
2091186
1335584
5267511
8088114
1259734
3938741
3388849
1677907
5216046
3311143
6372194
7298905
5506750
5464209
8096444
1852441
6847880
5012565
3834544
4625594
8760471
8752408
6059963
2165300
1990550
1159599
5483188
5579014
4538574
4924736
4983896
2728198
5189428
4320488
2372260
8348704
2627596
3863373
6913235
2311200
4709891
2923902
7706785
4620657
2951037
5237209
3921620
7406260
8039633
6745857
3142739
1097173
3617271
1309046
3648711
6750435
6102481
7654387
3256484
4108568
5250495
3262444
7528498
3602727
5545335
4444439
2828186
5579068
6282183
3827142
5503552
6046470
1645152
7787093
1541036
1180963
6304269
1199837
5064509
5253182
5626877
1056030
5240372
2944872
5746338
5866146
5069894
5491898
7177523
7982401
7161103
8675326
4654073
5748207
2259790
2408175
7521838
8031921
4713120
4781125
8459663
2821694
3423569
2574023
1372858
3898612
7810369
3578413
1597281
6227468
3952749
1701240
1306726
4986563
3594009
2362895
3960258
8264048
8017089
2499039
4767779
1108638
1398804
6097303
1500201
4994419
1411835
7000708
4727355
5390873
3859065
5332043
4619138
4197014
5500324
8722674
2760314
2633895
5094613
2838901
3232205
3376716
3610381
2676372
8226492
2135962
5630704
3640561
1720675
5083975
6672305
7270539
3520245
5757290
4481276
5090177
2994756
6129639
6772116
2473369
2778020
6101855
3122169
6281826
4376184
2117937
7150030
6471382
5971278
1930686
1224068
1652017
6341882
1560281
5787671
7363901
6962223
1450542
5406575
8694106
5852887
6498465
5521467
2413220
5993288
1785983
7112574
2150846
5133917
2173144
1326873
6380586
6217214
3515342
7537486
7986247
2333578
5899150
4933472
5496324
8672460
7164394
8061490
6678884
4619780
6670083
5557293
8253077
3041221
5117390
2914134
5000126
2136998
3378250
2245092
1700399
2888379
7021602
5420010
2407414
6729537
8310233
5940586
5173610
1853684
6520463
2733404
4932887
1378019
6755281
7855352
6036082
6425336
6597702
7377817
8029878
5849247
8624371
3262728
7771208
3167641
4730721
1887213
4817720
2884226
1203514
6954640
4198246
4083758
4745488
3700818
7486587
5745861
4586780
2870800
8690976
4644105
4203636
8016584
4632107
5511829
3009948
1132076
5215381
1757118
5153117
7579392
4240896
8993558
5414132
1915817
8551313
3541174
4771736
3443771
2274681
6506562
4455913
4431999
5202018
3497493
8722108
8057789
7407769
6003329
3898506
8130326
4990733
1077956
6638933
6135632
6791001
5505419
5932138
4088668
8300482
5839548
5589844
2821113
2969107
2810648
5195911
3311857
3747976
3520576
2311652
5526833
6306426
5091577
8022148
1350617
3651594
2626732
2845931
4576812
6133361
4015432
6004588
1316597
2272340
3395567
7684291
2491674
2922201
4114818
6914530
1384704
1763771
4232219
6593260
6657940
3670792
6689079
2615226
5667799
3945764
8080283
7233214
2747975
3510729
4867422
5731406
7880551
5149914
4278077
4801712
1237826
4587492
6643981
6898988
7066428
1099179
5727429
5430420
7354831
5917168
1694369
3898354
5610311
8539458
6256981
7667154
3970338
7640734
5178401
1241863
6514296
8767456
7547050
8958277
5648036
3422707
8127417
7262194
1781066
5408748
6458600
2812599
3231116
6352482
4019277
3105486
8744493
8810631
2787888
4030615
1114492
7419157
6818415
7859275
2869268
5142201
4566103
8481463
6716509
5683876
2650073
5391305
5516471
5079023
3461482
6768608
8084024
5986809
3412429
5296799
4691410
7328025
8969255
6015006
2668276
6540949
4193219
8765456
3710385
3785280
8840348
1930917
6698977
3194324
8698055
1764913
6549537
1384662
7615846
4303298
2665089
1152176
2988402
3204425
3545580
3690641
3814015
5844699
4704138
6077278
2905773
5819800
3670282
6083251
2823174
8482986
4961190
6265816
5279068
3752842
6215138
8772954
1344510
3223337
6049055
4081940
8053729
1599188
3987767
4023084
4162663
4713161
1940468
7049256
4032044
7868598
6057613
7477521
5228949
2716153
7562774
4975917
6159902
2917160
2912553
7807819
6869502
2503480
1509149
5038292
4220184
8158181
4905566
6307563
4306687
1828656
6171154
1509660
5455652
6550999
1085375
5075211
4341017
6409665
3168585
8629355
5611747
2240531
1886704
4455746
4221879
3967671
4908412
5667526
6004280
7898374
8681446
5732076
2549066
5753334
1542450
4027911
2994556
4368847
1843468
5471225
5772532
4895591
4486130
6575553
4755987
8364141
1537589
7277416
7904195
7382459
6973173
5646949
3851280
5985363
8541880
7643028
8806029
6639474
1417780
4307189
7616164
4347493
6000176
8340758
4692976
1645099
8573790
3544665
2243286
2820436
4962467
2705130
3522621
2887386
5076012
2414713
4420705
8747368
7676250
2551528
2820282
1689690
7365335
6384131
3943139
2184236
8516286
1629926
4656694
4850564
2540200
8904755
8866627
6930366
5530179
2973712
3442688
1369900
8701967
5883590
6178938
5035168
5171420
4554172
4834735
2508471
2791960
3699298
3807597
3512488
3489512
7079446
7942511
2315534
6743339
2760456
7762489
6539869
8696282
5371519
3861481
6576138
3632834
8623539
3018296
7892110
6030041
6391985
5943489
8975158
5548133
2803465
4173990
1619410
5279011
7199522
3863320
8676948
7009998
2876932
1724193
4667773
7974120
6333802
5475373
1627276
4232377
3047198
3952993
2457071
2334309
3948960
2298827
8851212
6416307
7756400
8747758
3242142
5072452
8591056
8488794
7306740
3229903
8903882
2137198
6821095
8959176
6356382
2597020
5086788
1695945
5243252
5355212
2685354
4849316
2121964
6796781
7929058
2111692
3697654
5060943
2935533
7394841
7948359
3698845
8860903
5205458
7473177
8458887
1047930
2344777
5657810
4757223
8924924
1109634
8509115
4940789
3456927
2469875
7458186
6723834
5890639
5012433
2184154
2899962
6514880
7712404
2327142
4127483
1779748
8467335
2472967
7464575
6156189
1238091
7111549
6985637
2705641
4379517
6793960
1959970
6981266
2604732
5069413
8330751
4589197
7667228
3665351
5481285
4159925
6150616
3987425
5310761
1207247
2814663
5205944
5456284
1218164
3763528
7899151
2852447
4056946
7310042
3197879
3021005
1203813
6117565
4596851
4849794
1453417
4630370
2877104
6011550
6552425
7925405
8029608
2233422
8693389
2740971
6197663
7577526
3244096
6672592
1652778
2201416
3248700
7441105
5025917
1167695
1288201
6657879
2789952
4007715
3244485
5582557
6544075
8393849
2015301
1174459
5544653
6539661
1786094
4575371
5075893
3209698
6640341
1018273
1378416
3052975
5034017
4581274
6281646
5838168
3487512
4680898
3087970
4802267
8247320
3342963
6376483
5757279
6215885
4206231
7124239
3213941
5505044
4415509
6208253
2552715
4865429
7561581
8749844
6099486
1986541
2454498
1819606
3259572
3626640
5699306
3058788
3611984
6864301
4792930
1582524
8345961
1520383
4008419
7737556
1684995
6383577
5840683
8525087
2493860
8103983
7378262
5538826
1415752
1116704
8008174
8424436
7107462
8335836
7182277
7226854
4540359
3880512
5676546
7642826
1857143
7073834
5127938
2602298
5943607
3572831
4993207
2509126
8982632
3145540
7801149
1739084
6404450
5378076
4830501
3307339
5645639
3376142
6446885
6734022
4684291
5349140
8679518
7139913
4356863
7348540
1568938
2655053
2767312
7356828
3097581
1247386
7840151
8964305
7780198
5326169
6472709
2626558
1952218
8819929
3789397
6727984
1285043
2166586
3619956
7902098
4418490
3276700
3815591
6219495
6276571
7468246
6835649
6529111
6622970
7496286
6127296
5600412
2878831
4075447
7933730
7220395
4730046
1505746
7342592
7312943
5702813
6372759
8664136
6664528
8502090
1143860
1201459
7263638
2184294
2400211
7830448
5449928
7259892
6418064
4139803
3379254
4428165
4790774
2375056
4040729
2030422
2582137
4406047
2997514
8131937
3120395
8859486
7342505
4337044
5360762
5544867
8843615
6086194
5047731
7870337
8013938
8510309
1768549
5670827
6806984
8487492
3519982
1677623
2945364
2674581
2042403
3309632
4714029
7691911
6249129
3133218
4396864
5713311
1573810
6977198
4251298
5695809
7063181
4982927
1802898
8883685
4075125
6989796
5923360
6613289
7989469
7957914
1874715
4453086
2467576
4772215
5656292
5901653
4818233
8497311
8650294
2939599
3797283
5104056
6068020
5531913
8609477
2659063
4828169
7398016
6816962
6466328
7004384
8989251
3870297
7701903
4012569
7279661
5448529
3941201
4096023
4763557
4176088
6362897
8152335
8958675
4956623
7423922
8088726
1042555
5952219
6951327
5196433
2753377
1956019
1405350
5935225
7558590
4952938
1953300
2079415
6993665
6625139
1677024
4480055
4136783
4260311
1470568
3406673
8143035
7271222
1930536
1304501
2785929
3205921
7648412
5742606
3295074
3875141
8162861
2455531
6790282
3932820
6083511
1814080
6341783
1228738
8211514
7281689
4612240
1127511
4468150
7055982
5761357
6632414
5688030
8088690
7166635
3545303
3371820
4110617
1419754
3720280
2208232
3569627
8724592
8371122
5590941
2228323
8516177
5475546
6397985
5255518
4295237
1652658
2667512
2531049
5905358
1104836
1264365
7398525
8993873
6702233
6945918
2239691
6930042
7473973
5567516
5625554
7900623
8236727
3420731
7828994
1485481
4539251
7211702
3781438
5622584
2278382
6504712
7225241
3519484
6859238
6634690
2057495
1421508
6090850
3558446
7633662
5895871
5796574
8355035
7315138
8803384
5378091
3745405
7006250
4626587
3191237
7333702
6058777
6765298
8987044
8102379
4849188
5537807
1459259
8718861
1060474
7340233
3229295
8404162
6179131
1611112
5485229
3395116
4630915
2579734
8358816
4956503
7552654
4491308
1177881
2214211
1514107
8437368
2677015
5189130
3469908
4502582
3586680
3311497
8129489
7883286
2956875
2554209
6119772
5357289
3119676
3452998
2317835
2060678
4157593
1535817
7621824
4783091
3294914
2231691
6806142
8311920
5049437
6607277
8274966
1396983
5235039
5332631
8643648
7192955
1006814
1121618
3703120
8534338
2597602
7124093
3813777
8349476
6326143
6889904
8432313
8128002
8792621
3125474
3854689
8600368
1106065
7353624
5839489
4567462
6065852
8614882
4539787
8899295
2508773
3856029
7269254
7839807
6439779
1357327
4264799
4614245
8623292
3221205
6705951
5114430
8731249
5071592
2165503
8045674
1639360
8400418
4744492
8943771
7964667
1468920
7758485
4245897
7181973
7733228
7249648
3931351
5078410
4195865
5633389
5449362
7850477
6808097
3150909
6712121
7276608
2149229
8480998
8242592
2537604
2945311
5444549
2052093
4495790
8246987
1983986
2914531
6165001
5173664
4799568
8788132
7556088
4544370
2552003
4140713
2495181
5192255
5839859
3185909
3857911
6509747
4775603
4583592
6480124
4658725
4630882
6529707
5618867
8334856
3748093
3267995
1511867
4536212
2918921
3647831
8424405
4442701
6300018
6916576
3058749
2700912
8054397
7215291
3387137
1960208
2015859
4638270
2143238
1185932
6830392
8452661
7062706
2070532
4303887
3087565
5632940
5308802
3903932
8128523
2717281
2298579
2337317
8420023
7617761
2211257
5207948
2495041
4159891
3807754
7395181
8443179
2465242
7435609
1866166
3712673
6206217
4282569
6509724
1917401
5077678
8544012
4159192
7417707
7579433
8982931
8551694
7814232
4694211
7146372
1330493
8533128
6642689
5876375
5584658
7683360
2133000
1988539
5375611
4567493
7597839
5345504
8076698
3453685
2119344
2509876
8897684
2994961
4532486
6036374
4200123
8171116
5215784
3723838
6021646
3310027
6710859
5474747
8988921
2743471
3134417
5451153
5453847
4177526
4349999
4208255
2159075
3398188
1117634
2034508
5894975
5988266
4022692
5064488
2636245
6365415
6723929
5477988
4441205
7078409
7700110
4414716
7038016
4009821
7410533
5875287
6269006
1038389
2502328
7140299
5157088
6898048
3000959
4916469
3600266
2030164
8110422
8773051
4448252
4678749
4828122
3846745
3665870
4228438
1994909
3377133
7292539
6802127
5145074
5582868
8408444
8715053
6276829
6768281
6514201
7915431
3983434
5801417
8318178
7202819
1837463
3964380
6480357
7038215
8987941
1031210
5003734
6704632
3045594
1794275
6587269
7215453
2833349
4716757
4388132
6633341
6841382
2604442
4175173
1995904
8820145
5848691
5708385
6012461
6416950
6441143
6341135
7975033
2557787
4849942
2818967
1511910
5407269
1975384
7901488
3862899
1354717
8988700
3800859
4180828
1799344
2598111
6311111
8507036
1829718
8926943
5141027
5464478
2078658
5738399
8687138
1868793
1521370
1659184
7022180
4478238
6153697
4143007
4173049
8771503
8815697
6160064
5077460
8021588
7921534
1241334
2041996
3482490
6652950
8205373
1726653
3172905
3167045
7517284
2304774
6228758
3962853
5531087
5622062
2938249
4047893
8424470
7541263
7164942
1002308
6918554
8887678
2066928
4795946
8569713
4508030
2700421
3456513
1333105
1816421
2207070
5566606
5834689
7690598
1477339
8317827
6020755
7539334
7063285
2015128
3179168
2492313
6386562
3370035
8194863
3064814
7415574
6543741
1890709
3924888
1094668
7376614
7433574
8873650
5318220
6933504
5041637
3402784
8059654
7251048
5402239
6687526
5102256
2696407
8632048
2365893
3922349
8326709
1003207
1915600
3410080
1853891
1049923
2897748
1292491
8553720
1249521
4003517
3315040
7078894
7062866
6644113
8900833
4954948
7230490
3089505
8658874
7527855
3379250
1397968
5117456
2623189
8501696
5453353
7335501
2070129
7248338
8725098
7517826
1295136
4956034
3925061
3783044
7250005
7846645
7255492
8403301
8287446
2058958
4346729
8557511
6936799
7148934
6525441
7414800
4087780
7805120
4507384
5217347
8176726
1884079
6949717
5144133
5532196
4252193
4900766
7731096
1419206
4712422
8006596
2413000
2113300
6437866
7442081
6805428
7099378
2428750
1259244
1327062
3500735
8909939
3383887
5270398
2453865
4856505
1269929
5652331
5806787
5435309
4753202
6427432
5344965
4533371
3364905
6393597
1518983
4272293
7226917
8725404
8418915
7018507
8422716
1187050
5511292
4994900
5586819
3616042
4998500
5205994
1140311
5299682
8723528
2784365
8698755
6110971
2617896
8651695
3912794
5975811
5086343
3705909
7677107
5554252
7956526
7149607
4722381
3561895
8686477
4362466
2758550
6248897
2075157
5741651
2452760
7597987
4496863
6467225
7596676
8220366
4578555
5347173
1002211
3310261
3938621
6264676
7132097
6692803
8290436
2480531
1111312
5688201
6138276
5142015
6665852
8166097
8110058
1512107
7107902
3046801
7838812
3173387
7645226
4102364
5392150
6838788
6198886
1670377
4861581
6155060
1989996
2838973
7140957
3760719
6204435
7995258
4055303
1119720
1404220
4714506
8680049
5471644
2927578
7327646
8837138
5321580
8998935
8585602
3853442
8996670
5584137
4610150
4568649
3021987
1819862
5718437
4713535
5612634
7474852
5093001
5585374
1360517
4156854
6171549
5583600
1668922
8445189
3420285
5182272
4388676
5161553
4681081
3322419
5598442
7451316
1960276
5207841
8955253
8054776
4307198
6714932
3048871
7310064
4849338
6268268
1487425
6014264
8289441
1183911
1329936
4771539
3864242
6698693
1311094
6111713
3128743
1629410
6364927
3271640
8411942
7893112
1978165
6224966
2670406
2137398
8152409
5374656
3994092
7752128
7158078
6813694
5186038
8689974
1895903
2603534
6281202
2927514
1644328
2059020
6763043
6200990
3028444
7464459
5909506
1424410
8501194
5349886
4468022
5989503
5505517
1175413
8060144
7741494
5643264
7321314
6710154
1168827
7668987
4808005
4345399
4337583
3356858
7652981
2480085
1394981
6784272
6848861
5494509
4042956
2456963
5822607
1459646
5679475
5672779
7713730
8744021
8185907
8226132
4689020
4347471
1714685
2602913
1851211
6379939
1353164
8881624
5461262
5802370
2619728
4515802
3400499
8545606
8576727
1333841
5994726
4265073
3988877
1573093
5100728
1159230
3374987
1926976
2987575
6054732
2192497
8034535
8953770
7132953
5226233
4275889
8265532
3731585
6429349
6499143
6368275
7801044
1866246
6878448
1593532
2441988
5333168
3463251
3515698
6694940
8727097
2716664
4429162
6335517
7513615
4285432
4352614
3775523
8614172
5623478
7277196
2235347
3987035
4391952
8571261
7443805
6797001
6028066
5417610
3191296
4808122
6353434
1389581
3041074
8011941
1906626
8294843
7313795
4832179
5809637
3058893
8330020
3222597
6922418
6981883
3729332
2623641
4135339
5489664
1411220
1374768
1622149
1227349
6351606
3224798
1973657
1226495
4977724
3077611
2809521
8748889
7548133
6008861
2386849
3012236
3524994
4902773
7249313
6834841
1429146
8857356
6604300
5694779
2754300
5755691
4422072
8281294
4148190
2572797
6387525
7095267
4306852
1371798
5617228
4405356
5320383
8943786
4916102
5046276
5586398
7433438
3944253
7717552
4104958
7707411
3851579
5788543
6993393
6482981
5968284
2877800
6728189
7447559
3116408
7837645
5266779
3396185
3627132
5577999
4066994
4070745
6939466
8610793
5441171
4244166
2607685
1589636
4793602
2423411
5906127
2861662
1452719
4804075
4582090
2091611
8793615
8083773
3727342
3384236
8414463
7475106
6366234
1171853
2479616
8261260
4743784
7604203
1344388
1199303
2632328
2761729
5299905
7463672
6261755
2843946
8824171
6261883
5171699
4076770
6692979
6145236
4800961
6546778
3194643
3528116
4786358
5540165
1019453
1742890
5794384
4456541
7639841
6399783
4961470
5955044
3628814
8996842
5343657
8790961
3741820
1412208
6777601
6065267
8371112
6969097
4306402
3101607
8220110
5783141
6223597
4945418
5792062
3817783
3908765
3985607
8488466
7643975
7646811
2954828
2682314
6399103
3161455
5879796
2436161
8314781
1937957
5802410
7935164
2827476
6660554
6952233
4530283
6413223
1110441
8663963
4577328
1441783
8094594
4805603
2145158
5042594
2144912
4242834
6957658
8977734
3454637
2043035
5939061
4259502
1349261
7063166
1056992
6744755
7135992
2339001
8005629
1909895
8677740
2936089
1020374
3987234
3586896
8595682
7786239
8278666
3077325
7955357
7863759
5877349
2601256
5820856
6672879
1611600
1647740
8802615
4805053
6037506
3379580
7654045
8781775
7427452
8185610
3676398
6157777
6292639
5576076
7156055
1081313
7823227
8651503
2263979
7627089
5679295
5740864
6468078
7546824
5528069
2716133
2864719
6363694
1737840
8435067
4318233
7236982
2602596
5064038
7337122
7796403
1870781
1292811
3340112
6386182
6896193
8945268
2562079
4745002
1799526
7739196
6770612
8623719
3749285
2314640
6863403
4821573
6531238
1312310
5579755
7139583
2283341
6096958
1172739
3204855
3905474
2823276
6774180
5919340
1883702
5951071
4509922
1132974
1980855
6883654
8445814
4904416
6731136
6873078
6072878
4083671
4347434
8130730
8215305
8321528
2102400
1755195
2287015
8479375
1437053
5413355
5847050
8879205
6507917
3949628
5398908
2571328
8518441
3892865
1053352
8454189
5397147
4589916
1117374
8084010
1279120
8413304
8791489
3595211
7327323
5254235
5973339
6828225
8656589
8860136
5005327
4392885
7260357
7740337
3182194
7743800
1563486
3915343
7733393
8116761
3550970
5224476
6771812
5886688
8069921
5067071
6681706
4788157
3371730
6525781
8452471
1833614
7230698
4964017
1924295
3177027
4065409
5991486
4843890
7306060
5157398
8189247
4671799
1528958
5324957
4146886
6234868
5848442
6135788
3652199
2404443
1362976
3843879
5500891
8570082
6692593
8853494
8705871
2145899
3077185
8736526
5962630
1667053
6034766
3862038
2513799
4621410
1874825
1072624
8948901
8889587
4372818
4531205
2497047
6819446
5591392
4871466
7019105
4082739
6044349
1143802
8006022
2760622
7493973
4350875
7554496
7090520
7238381
1987783
6649303
6234230
4607991
5812454
4012248
5249988
8886199
7008865
4753566
4036639
8684962
3761979
3444617
3209975
1663265
8520663
4661951
4336823
4492438
3894249
1256625
4782563
8943228
8112992
3393108
2658866
4846523
8413274
4416990
5332409
6146200
6489031
1225711
1100266
1167427
4753576
5860064
4710513
4625666
6803799
3139248
2791778
3257234
8292761
5188841
8687721
4390597
8242812
2073692
8104519
1267393
7012588
7092095
7896495
8270731
7087018
5220718
7175601
6249977
8766086
2264243
8287296
3700785
2779888
8220966
7817571
4464388
4556359
3644643
4620584
2124338
2629730
5116732
1631672
5500247
4511778
6683859
4360189
2029976
4349090
8160722
8934961
2263364
4521331
8035274
3365310
4048805
3964229
3162298
5811697
2033755
6266635
3255206
5108468
3617222
5430056
7810580
6654179
8654755
2872194
5568422
5100413
8567792
3997249
1399202
3981520
2425159
2700223
6223750
5554580
2774901
4165307
6826423
8016791
5653247
2469793
4418197
3662925
8549099
4247863
2310302
7166973
5101568
2813032
8895671
4205597
8031886
6255719
3743302
1601193
1233596
7091156
8024521
5813750
3613629
8343399
8886863
4743490
5737783
2162012
8167359
3697952
5797450
2808128
3059240
2499646
8189234
5133546
7971886
7726817
7472449
4395932
8456811
4921276
4166660
1345368
7500559
8109030
8100935
4344649
1202758
4227211
3885419
7281202
6929644
8378370
5722230
5378731
2260681
3169568
8114685
2045301
3095735
3270308
7819910
7639489
4098918
4868186
5040917
2780914
5309932
6972042
6982766
4352260
3662715
2821957
7435067
1016889
1768168
8438861
2881767
7925142
5147796
8402440
8789376
4403489
3388879
1294046
6786544
2207365
7522935
8284169
3591600
7782492
2598812
5028697
8060808
2829626
5737708
2472330
2608751
1860779
1191346
7316690
7049964
5660442
5981615
1475359
1459753
6764911
7670003
6857604
4649654
1033560
7360112
7393543
1855998
3383907
8388998
3836944
3819428
7873241
6833466
3571766
3418223
6038038
4487426
6317247
5417502
4966146
8819653
5765462
5242229
8730978
5963107
5996588
8164808
3176048
2960387
6858477
4379874
7819532
2142972
2492903
8110396
8317484
5646078
1140466
8457753
3760205
8610361
8929015
3085808
3523649
4332677
6748235
4717135
3567486
3735504
8914418
3626442
4488384
7246516
3457514
8720243
6610213
1125396
6278194
3766880
1734597
7507563
8161113
6805604
1778629
5140204
3286749
8387879
7873195
7369968
1331787
4702082
5831104
8484502
6012002
2445062
4813849
4521145
6168579
6118711
2656269
4895245
5271502
2946276
2616603
6317990
4392821
2549274
2757192
1275020
2654486
8149865
5466572
7747692
3574927
6710339
7831715
4831031
5829581
4486881
4549570
5622498
2085962
8734132
6986378
1908845
1151285
5783162
4548367
2207203
6174555
1332356
8871363
5008146
7273504
4311394
5955915
7233378
6267893
1576758
4259559
1849548
7415123
3170057
5639325
2195148
2151676
5984038
6173145
3158087
3303949
7998579
7576079
8218609
3763553
3680766
6541027
7147775
8293028
2181893
6034335
1206979
1229462
5964469
8809574
7718006
5616419
1871083
4323644
1800038
2018235
2208936
2753612
7497633
7013571
5503737
3429579
2097683
6633247
6511457
4153077
1257728
8942002
2460415
3575551
3633030
4784400
7458026
3940403
8393117
1432553
3953374
7681810
8453802
2471461
3822697
4619786
1919387
7285899
1913933
5878785
1950688
7829696
6457797
5703263
8203026
8270213
6205861
3330754
6347816
6966284
5448823
7179863
2392112
8856870
2528875
2048645
7393842
1772862
7442789
2589641
7425363
1932737
1113240
6878694
7067191
8111802
8193484
4761724
1943248
7369083
3343462
7451859
7883954
2035079
7086011
6823076
7333787
5764621
7380792
6020788
2651397
4244172
3397213
4428253
6701574
7498471
1244171
6022048
8016126
4929278
4731079
3798423
7607634
1698691
2124628
4517879
3529464
7167509
1717986
3134110
4040135
7421680
7824407
6942905
7295737
5027895
5192346
6554204
7501179
3341013
8567223
3775343
5236887
1085485
6139182
1839310
4418800
5590888
5886740
5957649
2526644
4228692
6253746
5680871
5307504
6810502
4775798
2401332
3098212
6833568
3354635
3182581
6139470
4402271
5549649
4908203
4221090
1249299
5946556
2741731
8528479
2777118
5931538
8472751
4785576
2894364
3324421
5646989
5075819
3445862
5737524
3528823
6296040
6725280
3150870
1246096
6710886
4704250
2982426
3805457
4847789
5788481
3488126
5789081
4887909
6057881
3715655
8754297
1004094
8847017
1335953
8242681
5167424
7011846
6265270
5320135
7813316
3740964
7208629
7778555
3833132
6121871
5948268
6069423
5146600
2292840
4053817
4198729
8660716
2807453
6442531
8963835
6208269
1707363
7251865
6850185
4212591
1994117
3870682
1376455
5350360
4779948
7040028
2300027
5121281
1784012
4085080
3680690
8783313
5932067
6751391
5808729
6218080
6328335
5954672
7888885
1086119
5277834
2001860
8321800
2774342
1367932
5951281
2684931
2504455
6696174
7679861
3318410
3996979
6988692
7642646
3782781
7498608
3092395
6173778
7957450
3690895
7711281
4053166
1983597
8393269
4136677
2676761
8011110
4310263
8166233
4912673
2840192
1375858
5576380
5600777
4010601
6978025
6842280
5194742
1826854
6375007
1049477
1490421
5332656
2002297
7177325
5055082
6848335
7280213
7422934
5683422
8774081
1917222
4415940
6986532
5577809
5816192
5427164
6901432
2034194
3181100
5894710
4265688
7120320
7782105
2321025
4051636
2106396
5363927
6752183
1702540
7947651
2584707
8876683
6634799
8036475
4163149
8124646
6311103
3553921
8343694
3459351
5430390
5350908
5240360
3320898
5366820
1094556
4849745
8748949
5940663
4719327
4848905
7969113
4205359
1317364
8879765
5197040
5566373
4329251
1379556
2962687
2341792
2246062
3057327
6253052
7040749
2226884
3146291
3800680
8186117
2954673
2311240
3679743
7360145
7571112
5161076
7450078
4468000
2239615
4493428
4812441
6473498
5649624
1231109
1757817
5260823
5081476
6613719
5771737
1152123
2971373
5058291
3573453
3748107
4989887
6881407
7615240
6556424
3880518
3262465
5253738
1720069
1853467
8826801
8229233
4592109
5718825
4767579
6255627
7689990
8657934
4507508
2838635
5237115
8860762
7131699
6834569
8838630
5437890
5163967
3135931
5815798
2830989
7305272
1386411
8387374
5162111
8697382
7390122
8886089
2302316
7170856
5764924
2910182
5495819
5435018
2899595
7787128
5974587
7267761
7320045
2188038
3466098
4501267
3004840
5046067
7172169
3629071
1203990
2325749
1463995
3674450
2129935
5781535
7155795
7960519
1233596
4695867
5054263
2309426
5375238
6648964
7642520
5904540
3770057
4301030
5312780
8358595
6007128
1175020
5625354
7716789
4162903
3832889
1501033
1156104
1528664
6381373
8048670
5290475
3197343
1525882
2517588
2538316
7048503
8128429
7017385
3691841
7964374
8760130
8490735
6747174
1005839
2853814
6018492
4056387
2214293
5361899
1166727
1962242
5946149
7637567
2958368
6107041
3062481
6668751
1859029
4555173
6620869
8157191
8919682
3470507
1026964
8575712
4948747
6633684
6398302
1901373
6933692
4473855
2071983
7489542
5126617
7666471
1727029
8048267
8360254
4549666
1883445
1943588
8232188
2851895
5998325
6419109
7553289
8422259
8492199
2686061
3759763
2582635
3720892
4956141
2633106
7372274
3343778
3070793
8167909
5375331
5935138
2157575
3512336
6175045
5046912
8010584
1169425
5377324
3979768
2870028
6700658
8635972
6013674
8879687
7045139
7520367
3631516
4282421
6509468
8727880
4794886
4307786
6019978
6588443
7046947
5743403
3642399
4264736
2525860
2634433
6405292
8840593
8471172
7077905
2083866
7211226
5445699
3974561
7770329
2739954
1454253
8640453
4409982
3429985
4353543
4518626
7097503
5306981
5827767
1280393
6910078
6281717
1559563
7367663
3618470
5180893
3539205
5347371
1785866
6950609
7443881
7331617
2195677
6530768
5002878
7581011
2858274
8652564
3770762
4573988
5586291
3023511
3839983
2409451
3526743
7897412
6166796
5522263
2608661
4229803
8013198
6672751
6501454
3036817
2951226
8883463
2254020
1897936
4763470
4673478
3852734
7477473
7970803
4823610
3031800
7760562
3031119
6432730
3063936
3608117
1979818
5412432
7296537
2600127
6978821
7362646
8305345
1896514
4881433
4955822
4386152
1636092
5983989
5305299
5498818
3129548
6659913
7491299
1887768
6967467
6643001
3952050
1603390
2074961
5692125
5873604
7623552
7446221
4084150
7454589
4230110
8726559
1101937
5698803
2290491
3050679
5669581
6036466
6335694
5697932
7155676
5687291
5900268
6433120
7212188
8107361
4516306
3156718
7838415
1509540
6505496
2110257
2305378
5995047
1021373
1888093
3156421
8506269
4464850
6957894
5872886
5111818
1164771
5657241
3554217
4021638
4830128
4647307
6584742
4827937
1670927
1842795
4492059
4668901
6029345
3012557
4625289
5817230
5289563
3553102
1013895
1684008
3767784
6606221
6851598
7445519
7822443
2253560
7820561
7868389
7520983
2468729
5002193
2808190
6978202
4896445
5552370
3086579
2653946
8440737
4311451
4325361
4219722
1919163
3611182
1369828
1868040
5682308
4913438
6649837
2743265
8592048
4769434
6397158
5559107
3924656
3469716
3746069
3066566
8977757
8931302
3395079
4060149
6446053
4758217
5603285
1325122
7137277
1844610
6352208
4296718
2409720
6526426
2159936
4286941
7213163
2941113
8192542
8131123
1557175
6349713
8284537
5089439
5493684
1178850
5008871
3816628
5851267
5394632
2681133
4659360
7170924
6463544
2457682
8835437
8164605
3239789
4911132
7512202
5601215
4884901
4616306
5150037
5015728
2577434
5626800
7081542
6080001
7871423
5905470
4186870
3348653
3985684
8294661
4110129
2409157
5332757
6335614
7872706
8417023
5454870
8847862
5109674
6183865
8367650
3529652
2562823
6151515
1160400
2919645
7789262
2721954
2751688
6258347
6660039
5349278
2514935
7917448
7317882
3909795
1546537
5150745
5201518
8367689
1896838
5124477
7545040
1748509
6927550
5108826
5629615
4571234
5691016
7044600
1648178
6234514
2846539
7429140
6378525
5158231
2584719
2161452
8778765
7054165
8612658
8390005
7473503
8510444
7991738
3252671
3394706
2817737
1215438
5751542
2720322
8025470
2334624
2252586
2724123
8006162
2923217
3491575
6220024
5771510
1922486
3447491
8575201
5108265
2616289
4556723
7712828
7916034
4548005
3913743
3512930
6968793
2168980
8279905
2332659
6054047
6399510
6994635
2518515
5331379
7982228
7779514
4750535
1569252
7097993
2276630
1542000
3277066
3365059
3181366
3427925
2450554
3515808
2605285
7713808
7643401
5888730
6272032
4281571
6446529
1884133
4010562
6351619
5633495
4963208
1098505
1765406
3798456
5067113
1893948
8222116
5517966
7418983
8710303
5299714
4214317
2474420
6335175
5637582
5743870
4375026
2170013
1139803
5590847
8586388
4578133
2942165
6016465
8278509
4131874
8843117
7967749
5966983
7992509
5717969
6956318
2278779
7019377
1402928
3253573
5452455
7683814
2511800
2481638
5164617
3980027
7733828
5956551
6832907
1119417
7840952
6191106
3372151
7976082
8100758
7834118
1220015
5504207
8267512
4002542
8749349
5080848
2704430
4333154
6578747
7480787
7684483
6473573
1948222
6993885
4214302
4972014
6178573
7332287
3066532
1440721
6921760
1301732
4610244
6824579
5772994
5525975
1785828
1255714
7308584
2593363
8911515
1918646
7365714
6196326
7976223
6584423
2214087
7655763
3389021
1235737
7909441
1584857
5878369
5014729
5210020
3502659
4834509
7942073
1419865
3441691
1797544
8474433
5812764
3470103
8698385
7279856
4009298
1506300
3482186
3901376
7079435
5088265
2629261
3482286
4557619
4227175
4007872
5808609
5633528
7710430
3065193
1289437
3226217
1343676
2997720
1223152
4718891
7802989
5368901
8064947
6227232
3925772
7199749
8998901
5371090
2788898
2024001
6656721
2536031
6748577
5112488
6566773
6766102
7641487
3121746
5848258
1508086
3135332
8174605
1572163
1540032
8110810
3733074
3771535
5532151
8765095
8361831
5743333
7634728
7496490
4718443
6889924
5280727
7908584
5400743
4773816
7365307
3883790
7785245
5355169
6015390
3074568
2741773
2840957
3407012
8043990
2492104
3234916
4646039
5124840
4965105
6135775
8988067
6013048
2663061
8817762
5562279
1377251
7897473
3614155
2313547
1410144
4403137
7215409
4529709
6064487
5562553
8451922
7467630
8658172
8227345
7468833
1530964
3534971
8007238
1976505
6072227
4106498
8660815
8381703
1795408
7638027
5874610
3896145
3796897
4267690
4532850
7930992
6485822
2537731
7953121
2053458
3748127
1419623
2757054
7120710
1557062
7683408
6383673
5840742
3811499
7403706
5929383
3862797
7856686
3997184
3973924
1494568
2840121
6549895
3899067
2254682
6212039
4888761
2889502
8170253
1243461
2963589
6572741
5293836
2668684
7111809
7341820
3336839
6797033
6518852
8624426
3956708
5904881
2777510
5692508
6963541
2439095
8085327
3261506
8714472
7728352
6074403
5227170
2444744
7085499
3297370
8465573
4289204
8267126
4734322
5553220
5449521
2980042
3532972
4598796
7545140
1892105
6171349
7960934
3584045
5373392
1478815
6027682
1603057
6611697
4789019
8123656
5335525
5357236
1496490
1319633
5038512
1443882
8623384
8602331
8952553
4717530
8841782
8756786
8277790
4877212
8821167
5516942
5906238
3279864
1434238
8281322
8626699
3845363
8173484
4307177
1753492
7810429
1091612
8889324
4464477
8311688
2209534
8092011
7005555
2319610
5599671
4132718
7142262
7394678
5380595
4658901
5805332
8116975
7478478
8953672
5205427
5565245
5322593
8823189
6252446
6863313
8912139
5259873
6646437
4013667
1756506
8665239
2650367
1750738
5691506
7046489
7074470
7001239
2687711
8336592
3678434
5142050
2265451
5037474
7430139
6379497
6558496
6803348
5552198
1875875
7179720
6839320
3064654
1555692
3072475
7410333
8717865
5850149
7426502
5405280
1316653
3119682
2615645
4913872
2893307
8275780
1993221
6567436
5922043
6564715
1400043
1161711
8553384
7709072
7698484
3295649
7310193
2305096
3740833
1105056
6506060
3141814
4267182
4504437
1945133
5168364
8954905
4425128
2064700
4178751
6672302
3578088
4998887
6159529
1739791
7339874
2295152
3678289
7425988
5182780
2066247
5488355
5348762
5844389
4231922
2715815
7820432
8728869
1259737
7115420
6982268
5269061
2251841
3178505
7118327
7458849
4205565
2218169
5867683
8953629
5186501
5824843
3532716
3820943
5504498
4576739
2025133
5207494
4659380
3580537
7688758
2042422
5852865
5746361
2061110
3201223
1448183
4295393
7600347
1562084
6793300
7478025
8214456
5635386
7967522
1664420
1279416
8336423
7648295
7988560
7339398
7674935
7116427
7399474
6148592
4290425
8589548
4264951
3146540
4864841
5638495
6648222
4099752
1405658
6279092
3752507
4607428
8158029
5843810
3042673
8264428
8582812
6304528
7052258
7341198
7161617
7932673
8360340
8115440
4437845
2349937
3920457
3951338
8792207
6650514
7709651
2112340
8346822
7720779
6087721
3826309
8743553
6516530
4106051
7867388
8862523
6846819
2814851
8589343
5344491
1733166
2638351
1723668
5546273
7705588
2326276
3277072
6365315
8727812
3224203
4558932
3507436
5254372
1916682
1594079
6516072
5282609
1173627
8498862
3892220
1831536
8140234
8972225
4326667
5339323
7989635
6185776
5992317
7931080
6364202
4252953
1616213
2665582
8624660
8372956
3150072
6223539
6311816
3505002
2042784
4043474
6898888
1817617
5258824
7696742
8617176
1607534
8013582
8777544
6675429
7631823
3742202
5748751
6992863
1100024
6203410
5212373
6259440
3431682
1370012
4112824
5116113
6779744
4312650
3397137
6718516
5108965
4938289
7552253
8531834
4977768
4188234
3595028
3168850
8821153
3890991
8423172
3578757
4857659
1515083
8798582
8773767
5007194
8939315
4180299
1055204
1160025
7272282
7011748
7806888
5557882
2155707
5289365
3212143
3711037
5293937
7006483
2350363
3724486
5889273
1263507
4111521
6350202
1672246
2820868
7245158
3876934
1290329
5650284
5823201
5743266
7219067
2074410
6278784
6670159
4547041
4218646
7802008
4503178
8000766
8090211
6533332
6452560
3389078
4216476
8357743
2462649
4236547
4089965
3529932
3490468
3360067
4005845
3564318
6810079
6149737
6736310
4451089
7462950
7397563
1721642
8671147
2304088
6872878
8366488
1417127
4612465
1107850
4584572
6457138
2016349
2119802
8006692
5760044
7921585
8445459
1171423
7344640
7557488
1023104
4890651
1762537
5126785
2799312
6484533
4491344
4684289
7191008
6770832
4458405
2862019
1174288
2844106
4958907
5138077
2036512
4910542
3293981
3657909
5962943
5706362
7871538
8652353
4935144
8967388
4243974
7209043
3944307
8822866
4123611
3066868
1029250
4266771
5621721
5530394
2860398
7089763
4692278
6493351
2514545
5517316
5241217
3638022
3375353
2461068
3866374
5391498
7864630
7860467
7911060
5912277
1327904
4134484
3342761
7007800
4275811
4779911
3323475
4834959
5279689
6792542
7787791
1075818
3306030
7548628
8974172
3800021
4184315
8861421
6707138
8039500
5295049
2798340
1499219
4612003
1596344
7941196
6263055
5295676
3836678
2522566
6810953
3437722
1962530
4314171
6788978
4513639
8954335
5286669
2150714
4545235
8183699
4617754
3878614
2378435
5190606
2756284
4507621
6437518
2947308
3861898
2987456
4356832
2269177
6087461
3402801
7402913
8998314
6297769
5957650
3805964
8636963
7566204
7693702
2924903
3175706
6918477
4584657
1255214
8623695
8450044
8553706
8756009
2398927
2914459
6776846
4734230
3217273
2548082
4466129
5858233
1356347
3764685
2967979
6220891
3136829
2020716
7263363
3174483
1692523
3240735
5141088
5688462
4338738
6483614
4374986
4484645
5075668
4819030
1442143
6374698
1128101
1476381
6151474
2371482
5959630
3556493
3843283
7974088
6685307
6139346
1693296
1176860
6784151
4041734
6688780
5919723
5547173
3296165
7034168
2343155
8193764
6683048
1611476
4068219
2755196
5998695
1576959
7554428
4687413
3188757
5840388
4938709
3192482
6372357
3979588
4525052
8323703
5276252
6222181
2082638
5507606
1273384
2154168
1567219
5545529
4972299
5783574
5653191
2404887
4020947
5049228
7707218
1367824
5132807
6764369
4818373
2554233
1276281
6688765
2094019
6429908
2931531
6649858
1140748
2249893
3808633
5990284
7817315
1469476
7643167
3476837
7505967
4705842
4662195
4989803
2273642
2690407
4650093
6190940
4365397
5934719
5238614
8282032
5905346
3452091
3021968
2891102
8018134
8633195
4765970
4079977
8769961
8855690
7407725
8386581
4994027
5457025
5315235
2620745
2250435
8744850
5960933
2673740
5923132
8907981
6133423
6427137
8436698
7993108
3804569
7660749
2064297
2839069
2277008
6980576
7837037
2238406
2929191
4588589
6266970
3277388
3499153
6262223
5915727
1435145
2003731
5246847
4972311
3460719
1147800
7934721
1616862
7975778
4496540
8340991
7715028
8347714
1046521
1683464
8117960
3654106
8478640
3591708
6507094
4596355
6817660
6856882
5992123
5590279
7621364
8120161
5925884
2747789
5536423
3246416
6301520
1720050
3518753
2201589
8051619
4327857
3019533
4805289
5209452
